LabelID        Mean        StdD         Max         Min       Count     Vol(mm^3)        Extent(Vox)
    0       0.00000     0.00000     0.00000     0.00000    38106587   9526646.750    256   380   392
    1       1.00000     0.00000     1.00000     1.00000        3574       893.500     16    26    41
    2       2.00000     0.00000     2.00000     2.00000        3372       843.000     21    37    37
    7       7.00000     0.00000     7.00000     7.00000        1217       304.250     35    40    30
    9       9.00000     0.00000     9.00000     9.00000         262        65.500     13    19    20
   10      10.00000     0.00000    10.00000    10.00000        1516       379.000     22    28    29
   11      11.00000     0.00000    11.00000    11.00000        1438       359.500     23    25    27
   12      12.00000     0.00000    12.00000    12.00000        7710      1927.500     26    40    36
   13      13.00000     0.00000    13.00000    13.00000        2438       609.500     17    30    42
   14      14.00000     0.00000    14.00000    14.00000        1662       415.500     37    37    38
   16      16.00000     0.00000    16.00000    16.00000        2129       532.250     24    35    15
   17      17.00000     0.00000    17.00000    17.00000        1855       463.750     24    30    41
